[SystemTime { tv_sec: 1727175461, tv_nsec: 202885232 }] {[37, 155, 242, 102, 0, 0, 0, 0, 3, 24, 3, 0, 0, 0, 0, 0, 1, 0, 68, 0, 1, 0, 0, 0]}
[SystemTime { tv_sec: 1727175461, tv_nsec: 219117573 }] {[37, 155, 242, 102, 0, 0, 0, 0, 3, 24, 3, 0, 0, 0, 0, 0, 0, 0, 0, 0, 0, 0, 0, 0]}
[SystemTime { tv_sec: 1727175461, tv_nsec: 249234125 }] {[37, 155, 242, 102, 0, 0, 0, 0, 44, 205, 3, 0, 0, 0, 0, 0, 1, 0, 106, 0, 1, 0, 0, 0]}
[SystemTime { tv_sec: 1727175461, tv_nsec: 265471400 }] {[37, 155, 242, 102, 0, 0, 0, 0, 44, 205, 3, 0, 0, 0, 0, 0, 0, 0, 0, 0, 0, 0, 0, 0]}
[SystemTime { tv_sec: 1727175461, tv_nsec: 336193504 }] {[37, 155, 242, 102, 0, 0, 0, 0, 227, 32, 5, 0, 0, 0, 0, 0, 1, 0, 68, 0, 0, 0, 0, 0]}
[SystemTime { tv_sec: 1727175461, tv_nsec: 352411856 }] {[37, 155, 242, 102, 0, 0, 0, 0, 227, 32, 5, 0, 0, 0, 0, 0, 0, 0, 0, 0, 0, 0, 0, 0]}
[SystemTime { tv_sec: 1727175461, tv_nsec: 368646670 }] {[37, 155, 242, 102, 0, 0, 0, 0, 18, 43, 5, 0, 0, 0, 0, 0, 1, 0, 106, 0, 0, 0, 0, 0]}
[SystemTime { tv_sec: 1727175461, tv_nsec: 384898614 }] {[37, 155, 242, 102, 0, 0, 0, 0, 18, 43, 5, 0, 0, 0, 0, 0, 0, 0, 0, 0, 0, 0, 0, 0]}
[SystemTime { tv_sec: 1727175461, tv_nsec: 603591502 }] {[37, 155, 242, 102, 0, 0, 0, 0, 101, 53, 9, 0, 0, 0, 0, 0, 1, 0, 103, 0, 1, 0, 0, 0]}
[SystemTime { tv_sec: 1727175461, tv_nsec: 619786924 }] {[37, 155, 242, 102, 0, 0, 0, 0, 101, 53, 9, 0, 0, 0, 0, 0, 0, 0, 0, 0, 0, 0, 0, 0]}
[SystemTime { tv_sec: 1727175461, tv_nsec: 671503394 }] {[37, 155, 242, 102, 0, 0, 0, 0, 175, 62, 10, 0, 0, 0, 0, 0, 1, 0, 103, 0, 0, 0, 0, 0]}
[SystemTime { tv_sec: 1727175461, tv_nsec: 687703849 }] {[37, 155, 242, 102, 0, 0, 0, 0, 175, 62, 10, 0, 0, 0, 0, 0, 0, 0, 0, 0, 0, 0, 0, 0]}
[SystemTime { tv_sec: 1727175461, tv_nsec: 724026662 }] {[37, 155, 242, 102, 0, 0, 0, 0, 218, 11, 11, 0, 0, 0, 0, 0, 1, 0, 103, 0, 1, 0, 0, 0]}
[SystemTime { tv_sec: 1727175461, tv_nsec: 740230247 }] {[37, 155, 242, 102, 0, 0, 0, 0, 218, 11, 11, 0, 0, 0, 0, 0, 0, 0, 0, 0, 0, 0, 0, 0]}
[SystemTime { tv_sec: 1727175461, tv_nsec: 810980015 }] {[37, 155, 242, 102, 0, 0, 0, 0, 132, 95, 12, 0, 0, 0, 0, 0, 1, 0, 103, 0, 0, 0, 0, 0]}
[SystemTime { tv_sec: 1727175461, tv_nsec: 827214447 }] {[37, 155, 242, 102, 0, 0, 0, 0, 132, 95, 12, 0, 0, 0, 0, 0, 0, 0, 0, 0, 0, 0, 0, 0]}
[SystemTime { tv_sec: 1727175462, tv_nsec: 220473378 }] {[38, 155, 242, 102, 0, 0, 0, 0, 216, 92, 3, 0, 0, 0, 0, 0, 1, 0, 103, 0, 1, 0, 0, 0]}
[SystemTime { tv_sec: 1727175462, tv_nsec: 236701717 }] {[38, 155, 242, 102, 0, 0, 0, 0, 216, 92, 3, 0, 0, 0, 0, 0, 0, 0, 0, 0, 0, 0, 0, 0]}
[SystemTime { tv_sec: 1727175462, tv_nsec: 308580788 }] {[38, 155, 242, 102, 0, 0, 0, 0, 0, 181, 4, 0, 0, 0, 0, 0, 1, 0, 103, 0, 0, 0, 0, 0]}
[SystemTime { tv_sec: 1727175462, tv_nsec: 324792615 }] {[38, 155, 242, 102, 0, 0, 0, 0, 0, 181, 4, 0, 0, 0, 0, 0, 0, 0, 0, 0, 0, 0, 0, 0]}
[SystemTime { tv_sec: 1727175462, tv_nsec: 549062398 }] {[38, 155, 242, 102, 0, 0, 0, 0, 102, 96, 8, 0, 0, 0, 0, 0, 1, 0, 28, 0, 1, 0, 0, 0]}
[SystemTime { tv_sec: 1727175462, tv_nsec: 565239194 }] {[38, 155, 242, 102, 0, 0, 0, 0, 102, 96, 8, 0, 0, 0, 0, 0, 0, 0, 0, 0, 0, 0, 0, 0]}
[SystemTime { tv_sec: 1727175462, tv_nsec: 614719605 }] {[38, 155, 242, 102, 0, 0, 0, 0, 246, 96, 9, 0, 0, 0, 0, 0, 1, 0, 28, 0, 0, 0, 0, 0]}
[SystemTime { tv_sec: 1727175462, tv_nsec: 630918677 }] {[38, 155, 242, 102, 0, 0, 0, 0, 246, 96, 9, 0, 0, 0, 0, 0, 0, 0, 0, 0, 0, 0, 0, 0]}
[SystemTime { tv_sec: 1727175467, tv_nsec: 43034522 }] {[43, 155, 242, 102, 0, 0, 0, 0, 185, 167, 0, 0, 0, 0, 0, 0, 1, 0, 38, 0, 1, 0, 0, 0]}
[SystemTime { tv_sec: 1727175467, tv_nsec: 59272792 }] {[43, 155, 242, 102, 0, 0, 0, 0, 185, 167, 0, 0, 0, 0, 0, 0, 0, 0, 0, 0, 0, 0, 0, 0]}
[SystemTime { tv_sec: 1727175467, tv_nsec: 129836656 }] {[43, 155, 242, 102, 0, 0, 0, 0, 202, 250, 1, 0, 0, 0, 0, 0, 1, 0, 38, 0, 0, 0, 0, 0]}
[SystemTime { tv_sec: 1727175467, tv_nsec: 146067265 }] {[43, 155, 242, 102, 0, 0, 0, 0, 202, 250, 1, 0, 0, 0, 0, 0, 0, 0, 0, 0, 0, 0, 0, 0]}
[SystemTime { tv_sec: 1727175467, tv_nsec: 162297376 }] {[43, 155, 242, 102, 0, 0, 0, 0, 53, 253, 1, 0, 0, 0, 0, 0, 1, 0, 30, 0, 1, 0, 0, 0]}
[SystemTime { tv_sec: 1727175467, tv_nsec: 178596020 }] {[43, 155, 242, 102, 0, 0, 0, 0, 53, 253, 1, 0, 0, 0, 0, 0, 0, 0, 0, 0, 0, 0, 0, 0]}
[SystemTime { tv_sec: 1727175467, tv_nsec: 215570217 }] {[43, 155, 242, 102, 0, 0, 0, 0, 175, 73, 3, 0, 0, 0, 0, 0, 1, 0, 30, 0, 0, 0, 0, 0]}
[SystemTime { tv_sec: 1727175467, tv_nsec: 231806253 }] {[43, 155, 242, 102, 0, 0, 0, 0, 175, 73, 3, 0, 0, 0, 0, 0, 0, 0, 0, 0, 0, 0, 0, 0]}
[SystemTime { tv_sec: 1727175467, tv_nsec: 254586165 }] {[43, 155, 242, 102, 0, 0, 0, 0, 21, 226, 3, 0, 0, 0, 0, 0, 1, 0, 28, 0, 1, 0, 0, 0]}
[SystemTime { tv_sec: 1727175467, tv_nsec: 270713561 }] {[43, 155, 242, 102, 0, 0, 0, 0, 21, 226, 3, 0, 0, 0, 0, 0, 0, 0, 0, 0, 0, 0, 0, 0]}
[SystemTime { tv_sec: 1727175467, tv_nsec: 318451124 }] {[43, 155, 242, 102, 0, 0, 0, 0, 191, 219, 4, 0, 0, 0, 0, 0, 1, 0, 28, 0, 0, 0, 0, 0]}
[SystemTime { tv_sec: 1727175467, tv_nsec: 334616741 }] {[43, 155, 242, 102, 0, 0, 0, 0, 191, 219, 4, 0, 0, 0, 0, 0, 0, 0, 0, 0, 0, 0, 0, 0]}
[SystemTime { tv_sec: 1727175467, tv_nsec: 781945181 }] {[43, 155, 242, 102, 0, 0, 0, 0, 29, 238, 11, 0, 0, 0, 0, 0, 1, 0, 103, 0, 1, 0, 0, 0]}
[SystemTime { tv_sec: 1727175467, tv_nsec: 798185368 }] {[43, 155, 242, 102, 0, 0, 0, 0, 29, 238, 11, 0, 0, 0, 0, 0, 0, 0, 0, 0, 0, 0, 0, 0]}
[SystemTime { tv_sec: 1727175467, tv_nsec: 893452914 }] {[43, 155, 242, 102, 0, 0, 0, 0, 182, 161, 13, 0, 0, 0, 0, 0, 1, 0, 103, 0, 0, 0, 0, 0]}
[SystemTime { tv_sec: 1727175467, tv_nsec: 909751012 }] {[43, 155, 242, 102, 0, 0, 0, 0, 182, 161, 13, 0, 0, 0, 0, 0, 0, 0, 0, 0, 0, 0, 0, 0]}
[SystemTime { tv_sec: 1727175468, tv_nsec: 73605971 }] {[44, 155, 242, 102, 0, 0, 0, 0, 41, 31, 1, 0, 0, 0, 0, 0, 1, 0, 57, 0, 1, 0, 0, 0]}
[SystemTime { tv_sec: 1727175468, tv_nsec: 89832018 }] {[44, 155, 242, 102, 0, 0, 0, 0, 41, 31, 1, 0, 0, 0, 0, 0, 0, 0, 0, 0, 0, 0, 0, 0]}
[SystemTime { tv_sec: 1727175468, tv_nsec: 181807781 }] {[44, 155, 242, 102, 0, 0, 0, 0, 216, 197, 2, 0, 0, 0, 0, 0, 1, 0, 57, 0, 0, 0, 0, 0]}
[SystemTime { tv_sec: 1727175468, tv_nsec: 198041694 }] {[44, 155, 242, 102, 0, 0, 0, 0, 216, 197, 2, 0, 0, 0, 0, 0, 0, 0, 0, 0, 0, 0, 0, 0]}
[SystemTime { tv_sec: 1727175468, tv_nsec: 910181382 }] {[44, 155, 242, 102, 0, 0, 0, 0, 46, 227, 13, 0, 0, 0, 0, 0, 1, 0, 38, 0, 1, 0, 0, 0]}
[SystemTime { tv_sec: 1727175468, tv_nsec: 926398763 }] {[44, 155, 242, 102, 0, 0, 0, 0, 46, 227, 13, 0, 0, 0, 0, 0, 0, 0, 0, 0, 0, 0, 0, 0]}
[SystemTime { tv_sec: 1727175469, tv_nsec: 17284243 }] {[45, 155, 242, 102, 0, 0, 0, 0, 27, 67, 0, 0, 0, 0, 0, 0, 1, 0, 38, 0, 0, 0, 0, 0]}
[SystemTime { tv_sec: 1727175469, tv_nsec: 33536365 }] {[45, 155, 242, 102, 0, 0, 0, 0, 27, 67, 0, 0, 0, 0, 0, 0, 0, 0, 0, 0, 0, 0, 0, 0]}
[SystemTime { tv_sec: 1727175469, tv_nsec: 99093490 }] {[45, 155, 242, 102, 0, 0, 0, 0, 147, 130, 1, 0, 0, 0, 0, 0, 1, 0, 24, 0, 1, 0, 0, 0]}
[SystemTime { tv_sec: 1727175469, tv_nsec: 115324680 }] {[45, 155, 242, 102, 0, 0, 0, 0, 147, 130, 1, 0, 0, 0, 0, 0, 0, 0, 0, 0, 0, 0, 0, 0]}
[SystemTime { tv_sec: 1727175469, tv_nsec: 208651797 }] {[45, 155, 242, 102, 0, 0, 0, 0, 180, 46, 3, 0, 0, 0, 0, 0, 1, 0, 24, 0, 0, 0, 0, 0]}
[SystemTime { tv_sec: 1727175469, tv_nsec: 224889213 }] {[45, 155, 242, 102, 0, 0, 0, 0, 180, 46, 3, 0, 0, 0, 0, 0, 0, 0, 0, 0, 0, 0, 0, 0]}
[SystemTime { tv_sec: 1727175469, tv_nsec: 384552351 }] {[45, 155, 242, 102, 0, 0, 0, 0, 207, 221, 5, 0, 0, 0, 0, 0, 1, 0, 34, 0, 1, 0, 0, 0]}
[SystemTime { tv_sec: 1727175469, tv_nsec: 400787326 }] {[45, 155, 242, 102, 0, 0, 0, 0, 207, 221, 5, 0, 0, 0, 0, 0, 0, 0, 0, 0, 0, 0, 0, 0]}
[SystemTime { tv_sec: 1727175469, tv_nsec: 475917270 }] {[45, 155, 242, 102, 0, 0, 0, 0, 171, 66, 7, 0, 0, 0, 0, 0, 1, 0, 34, 0, 0, 0, 0, 0]}
[SystemTime { tv_sec: 1727175469, tv_nsec: 492124876 }] {[45, 155, 242, 102, 0, 0, 0, 0, 171, 66, 7, 0, 0, 0, 0, 0, 0, 0, 0, 0, 0, 0, 0, 0]}
[SystemTime { tv_sec: 1727175469, tv_nsec: 522436697 }] {[45, 155, 242, 102, 0, 0, 0, 0, 138, 248, 7, 0, 0, 0, 0, 0, 1, 0, 31, 0, 1, 0, 0, 0]}
[SystemTime { tv_sec: 1727175469, tv_nsec: 538601538 }] {[45, 155, 242, 102, 0, 0, 0, 0, 138, 248, 7, 0, 0, 0, 0, 0, 0, 0, 0, 0, 0, 0, 0, 0]}
[SystemTime { tv_sec: 1727175469, tv_nsec: 587778190 }] {[45, 155, 242, 102, 0, 0, 0, 0, 157, 247, 8, 0, 0, 0, 0, 0, 1, 0, 31, 0, 0, 0, 0, 0]}
[SystemTime { tv_sec: 1727175469, tv_nsec: 604022638 }] {[45, 155, 242, 102, 0, 0, 0, 0, 157, 247, 8, 0, 0, 0, 0, 0, 0, 0, 0, 0, 0, 0, 0, 0]}
[SystemTime { tv_sec: 1727175469, tv_nsec: 671627490 }] {[45, 155, 242, 102, 0, 0, 0, 0, 41, 63, 10, 0, 0, 0, 0, 0, 1, 0, 28, 0, 1, 0, 0, 0]}
[SystemTime { tv_sec: 1727175469, tv_nsec: 687800563 }] {[45, 155, 242, 102, 0, 0, 0, 0, 41, 63, 10, 0, 0, 0, 0, 0, 0, 0, 0, 0, 0, 0, 0, 0]}
[SystemTime { tv_sec: 1727175469, tv_nsec: 737077042 }] {[45, 155, 242, 102, 0, 0, 0, 0, 235, 62, 11, 0, 0, 0, 0, 0, 1, 0, 28, 0, 0, 0, 0, 0]}
[SystemTime { tv_sec: 1727175469, tv_nsec: 753307460 }] {[45, 155, 242, 102, 0, 0, 0, 0, 235, 62, 11, 0, 0, 0, 0, 0, 0, 0, 0, 0, 0, 0, 0, 0]}
[SystemTime { tv_sec: 1727175478, tv_nsec: 735303420 }] {[54, 155, 242, 102, 0, 0, 0, 0, 223, 55, 11, 0, 0, 0, 0, 0, 1, 0, 57, 0, 1, 0, 0, 0]}
[SystemTime { tv_sec: 1727175478, tv_nsec: 751548779 }] {[54, 155, 242, 102, 0, 0, 0, 0, 223, 55, 11, 0, 0, 0, 0, 0, 0, 0, 0, 0, 0, 0, 0, 0]}
[SystemTime { tv_sec: 1727175478, tv_nsec: 850361534 }] {[54, 155, 242, 102, 0, 0, 0, 0, 89, 249, 12, 0, 0, 0, 0, 0, 1, 0, 57, 0, 0, 0, 0, 0]}
[SystemTime { tv_sec: 1727175478, tv_nsec: 866650266 }] {[54, 155, 242, 102, 0, 0, 0, 0, 89, 249, 12, 0, 0, 0, 0, 0, 0, 0, 0, 0, 0, 0, 0, 0]}
[SystemTime { tv_sec: 1727175479, tv_nsec: 387747313 }] {[55, 155, 242, 102, 0, 0, 0, 0, 57, 234, 5, 0, 0, 0, 0, 0, 1, 0, 57, 0, 1, 0, 0, 0]}
[SystemTime { tv_sec: 1727175479, tv_nsec: 403971447 }] {[55, 155, 242, 102, 0, 0, 0, 0, 57, 234, 5, 0, 0, 0, 0, 0, 0, 0, 0, 0, 0, 0, 0, 0]}
[SystemTime { tv_sec: 1727175479, tv_nsec: 497164810 }] {[55, 155, 242, 102, 0, 0, 0, 0, 162, 149, 7, 0, 0, 0, 0, 0, 1, 0, 57, 0, 0, 0, 0, 0]}
[SystemTime { tv_sec: 1727175479, tv_nsec: 513479501 }] {[55, 155, 242, 102, 0, 0, 0, 0, 162, 149, 7, 0, 0, 0, 0, 0, 0, 0, 0, 0, 0, 0, 0, 0]}
[SystemTime { tv_sec: 1727175479, tv_nsec: 939015071 }] {[55, 155, 242, 102, 0, 0, 0, 0, 216, 83, 14, 0, 0, 0, 0, 0, 1, 0, 45, 0, 1, 0, 0, 0]}
[SystemTime { tv_sec: 1727175479, tv_nsec: 955158331 }] {[55, 155, 242, 102, 0, 0, 0, 0, 216, 83, 14, 0, 0, 0, 0, 0, 0, 0, 0, 0, 0, 0, 0, 0]}
[SystemTime { tv_sec: 1727175480, tv_nsec: 24203129 }] {[56, 155, 242, 102, 0, 0, 0, 0, 106, 94, 0, 0, 0, 0, 0, 0, 1, 0, 30, 0, 1, 0, 0, 0]}
[SystemTime { tv_sec: 1727175480, tv_nsec: 40343434 }] {[56, 155, 242, 102, 0, 0, 0, 0, 106, 94, 0, 0, 0, 0, 0, 0, 0, 0, 0, 0, 0, 0, 0, 0]}
[SystemTime { tv_sec: 1727175480, tv_nsec: 66587497 }] {[56, 155, 242, 102, 0, 0, 0, 0, 9, 4, 1, 0, 0, 0, 0, 0, 1, 0, 45, 0, 0, 0, 0, 0]}
[SystemTime { tv_sec: 1727175480, tv_nsec: 82766632 }] {[56, 155, 242, 102, 0, 0, 0, 0, 9, 4, 1, 0, 0, 0, 0, 0, 0, 0, 0, 0, 0, 0, 0, 0]}
[SystemTime { tv_sec: 1727175480, tv_nsec: 220012275 }] {[56, 155, 242, 102, 0, 0, 0, 0, 5, 91, 3, 0, 0, 0, 0, 0, 1, 0, 30, 0, 0, 0, 0, 0]}
[SystemTime { tv_sec: 1727175480, tv_nsec: 236282580 }] {[56, 155, 242, 102, 0, 0, 0, 0, 5, 91, 3, 0, 0, 0, 0, 0, 0, 0, 0, 0, 0, 0, 0, 0]}
[SystemTime { tv_sec: 1727175480, tv_nsec: 886974854 }] {[56, 155, 242, 102, 0, 0, 0, 0, 135, 136, 13, 0, 0, 0, 0, 0, 1, 0, 14, 0, 1, 0, 0, 0]}
[SystemTime { tv_sec: 1727175480, tv_nsec: 903265073 }] {[56, 155, 242, 102, 0, 0, 0, 0, 135, 136, 13, 0, 0, 0, 0, 0, 0, 0, 0, 0, 0, 0, 0, 0]}
[SystemTime { tv_sec: 1727175480, tv_nsec: 952672112 }] {[56, 155, 242, 102, 0, 0, 0, 0, 81, 137, 14, 0, 0, 0, 0, 0, 1, 0, 14, 0, 0, 0, 0, 0]}
[SystemTime { tv_sec: 1727175480, tv_nsec: 968852781 }] {[56, 155, 242, 102, 0, 0, 0, 0, 81, 137, 14, 0, 0, 0, 0, 0, 0, 0, 0, 0, 0, 0, 0, 0]}
[SystemTime { tv_sec: 1727175480, tv_nsec: 985293748 }] {[56, 155, 242, 102, 0, 0, 0, 0, 187, 8, 15, 0, 0, 0, 0, 0, 1, 0, 14, 0, 1, 0, 0, 0]}
[SystemTime { tv_sec: 1727175481, tv_nsec: 1466198 }] {[56, 155, 242, 102, 0, 0, 0, 0, 187, 8, 15, 0, 0, 0, 0, 0, 0, 0, 0, 0, 0, 0, 0, 0]}
[SystemTime { tv_sec: 1727175481, tv_nsec: 72386020 }] {[57, 155, 242, 102, 0, 0, 0, 0, 145, 26, 1, 0, 0, 0, 0, 0, 1, 0, 14, 0, 0, 0, 0, 0]}
[SystemTime { tv_sec: 1727175481, tv_nsec: 88689628 }] {[57, 155, 242, 102, 0, 0, 0, 0, 145, 26, 1, 0, 0, 0, 0, 0, 0, 0, 0, 0, 0, 0, 0, 0]}
[SystemTime { tv_sec: 1727175481, tv_nsec: 134471816 }] {[57, 155, 242, 102, 0, 0, 0, 0, 20, 13, 2, 0, 0, 0, 0, 0, 1, 0, 14, 0, 1, 0, 0, 0]}
[SystemTime { tv_sec: 1727175481, tv_nsec: 150699305 }] {[57, 155, 242, 102, 0, 0, 0, 0, 20, 13, 2, 0, 0, 0, 0, 0, 0, 0, 0, 0, 0, 0, 0, 0]}
[SystemTime { tv_sec: 1727175481, tv_nsec: 199845379 }] {[57, 155, 242, 102, 0, 0, 0, 0, 119, 12, 3, 0, 0, 0, 0, 0, 1, 0, 14, 0, 0, 0, 0, 0]}
[SystemTime { tv_sec: 1727175481, tv_nsec: 216086102 }] {[57, 155, 242, 102, 0, 0, 0, 0, 119, 12, 3, 0, 0, 0, 0, 0, 0, 0, 0, 0, 0, 0, 0, 0]}
[SystemTime { tv_sec: 1727175481, tv_nsec: 257660671 }] {[57, 155, 242, 102, 0, 0, 0, 0, 73, 238, 3, 0, 0, 0, 0, 0, 1, 0, 14, 0, 1, 0, 0, 0]}
[SystemTime { tv_sec: 1727175481, tv_nsec: 273882478 }] {[57, 155, 242, 102, 0, 0, 0, 0, 73, 238, 3, 0, 0, 0, 0, 0, 0, 0, 0, 0, 0, 0, 0, 0]}
[SystemTime { tv_sec: 1727175481, tv_nsec: 302390116 }] {[57, 155, 242, 102, 0, 0, 0, 0, 241, 156, 4, 0, 0, 0, 0, 0, 1, 0, 14, 0, 0, 0, 0, 0]}
[SystemTime { tv_sec: 1727175481, tv_nsec: 318625503 }] {[57, 155, 242, 102, 0, 0, 0, 0, 241, 156, 4, 0, 0, 0, 0, 0, 0, 0, 0, 0, 0, 0, 0, 0]}
[SystemTime { tv_sec: 1727175481, tv_nsec: 370604868 }] {[57, 155, 242, 102, 0, 0, 0, 0, 126, 167, 5, 0, 0, 0, 0, 0, 1, 0, 14, 0, 1, 0, 0, 0]}
[SystemTime { tv_sec: 1727175481, tv_nsec: 386846899 }] {[57, 155, 242, 102, 0, 0, 0, 0, 126, 167, 5, 0, 0, 0, 0, 0, 0, 0, 0, 0, 0, 0, 0, 0]}
[SystemTime { tv_sec: 1727175481, tv_nsec: 436322709 }] {[57, 155, 242, 102, 0, 0, 0, 0, 54, 168, 6, 0, 0, 0, 0, 0, 1, 0, 14, 0, 0, 0, 0, 0]}
[SystemTime { tv_sec: 1727175481, tv_nsec: 452547062 }] {[57, 155, 242, 102, 0, 0, 0, 0, 54, 168, 6, 0, 0, 0, 0, 0, 0, 0, 0, 0, 0, 0, 0, 0]}
[SystemTime { tv_sec: 1727175481, tv_nsec: 500278177 }] {[57, 155, 242, 102, 0, 0, 0, 0, 9, 162, 7, 0, 0, 0, 0, 0, 1, 0, 14, 0, 1, 0, 0, 0]}
[SystemTime { tv_sec: 1727175481, tv_nsec: 516551142 }] {[57, 155, 242, 102, 0, 0, 0, 0, 9, 162, 7, 0, 0, 0, 0, 0, 0, 0, 0, 0, 0, 0, 0, 0]}
[SystemTime { tv_sec: 1727175481, tv_nsec: 612818612 }] {[57, 155, 242, 102, 0, 0, 0, 0, 133, 89, 9, 0, 0, 0, 0, 0, 1, 0, 14, 0, 0, 0, 0, 0]}
[SystemTime { tv_sec: 1727175481, tv_nsec: 629087942 }] {[57, 155, 242, 102, 0, 0, 0, 0, 133, 89, 9, 0, 0, 0, 0, 0, 0, 0, 0, 0, 0, 0, 0, 0]}
[SystemTime { tv_sec: 1727175482, tv_nsec: 487930932 }] {[58, 155, 242, 102, 0, 0, 0, 0, 183, 113, 7, 0, 0, 0, 0, 0, 1, 0, 103, 0, 1, 0, 0, 0]}
[SystemTime { tv_sec: 1727175482, tv_nsec: 504216655 }] {[58, 155, 242, 102, 0, 0, 0, 0, 183, 113, 7, 0, 0, 0, 0, 0, 0, 0, 0, 0, 0, 0, 0, 0]}
[SystemTime { tv_sec: 1727175482, tv_nsec: 573950967 }] {[58, 155, 242, 102, 0, 0, 0, 0, 201, 193, 8, 0, 0, 0, 0, 0, 1, 0, 103, 0, 0, 0, 0, 0]}
[SystemTime { tv_sec: 1727175482, tv_nsec: 590210386 }] {[58, 155, 242, 102, 0, 0, 0, 0, 201, 193, 8, 0, 0, 0, 0, 0, 0, 0, 0, 0, 0, 0, 0, 0]}
[SystemTime { tv_sec: 1727175485, tv_nsec: 557295910 }] {[61, 155, 242, 102, 0, 0, 0, 0, 187, 128, 8, 0, 0, 0, 0, 0, 1, 0, 28, 0, 1, 0, 0, 0]}
[SystemTime { tv_sec: 1727175485, tv_nsec: 573449238 }] {[61, 155, 242, 102, 0, 0, 0, 0, 187, 128, 8, 0, 0, 0, 0, 0, 0, 0, 0, 0, 0, 0, 0, 0]}
[SystemTime { tv_sec: 1727175485, tv_nsec: 688278507 }] {[61, 155, 242, 102, 0, 0, 0, 0, 96, 128, 10, 0, 0, 0, 0, 0, 1, 0, 28, 0, 0, 0, 0, 0]}
[SystemTime { tv_sec: 1727175485, tv_nsec: 704534662 }] {[61, 155, 242, 102, 0, 0, 0, 0, 96, 128, 10, 0, 0, 0, 0, 0, 0, 0, 0, 0, 0, 0, 0, 0]}
[SystemTime { tv_sec: 1727175490, tv_nsec: 72655058 }] {[66, 155, 242, 102, 0, 0, 0, 0, 158, 27, 1, 0, 0, 0, 0, 0, 1, 0, 68, 0, 1, 0, 0, 0]}
[SystemTime { tv_sec: 1727175490, tv_nsec: 88899615 }] {[66, 155, 242, 102, 0, 0, 0, 0, 158, 27, 1, 0, 0, 0, 0, 0, 0, 0, 0, 0, 0, 0, 0, 0]}
[SystemTime { tv_sec: 1727175490, tv_nsec: 117704679 }] {[66, 155, 242, 102, 0, 0, 0, 0, 178, 203, 1, 0, 0, 0, 0, 0, 1, 0, 105, 0, 1, 0, 0, 0]}
[SystemTime { tv_sec: 1727175490, tv_nsec: 133924606 }] {[66, 155, 242, 102, 0, 0, 0, 0, 178, 203, 1, 0, 0, 0, 0, 0, 0, 0, 0, 0, 0, 0, 0, 0]}
[SystemTime { tv_sec: 1727175490, tv_nsec: 161674491 }] {[66, 155, 242, 102, 0, 0, 0, 0, 90, 119, 2, 0, 0, 0, 0, 0, 1, 0, 68, 0, 0, 0, 0, 0]}
[SystemTime { tv_sec: 1727175490, tv_nsec: 177907629 }] {[66, 155, 242, 102, 0, 0, 0, 0, 90, 119, 2, 0, 0, 0, 0, 0, 0, 0, 0, 0, 0, 0, 0, 0]}
[SystemTime { tv_sec: 1727175490, tv_nsec: 194173989 }] {[66, 155, 242, 102, 0, 0, 0, 0, 79, 211, 2, 0, 0, 0, 0, 0, 1, 0, 105, 0, 0, 0, 0, 0]}
[SystemTime { tv_sec: 1727175490, tv_nsec: 210401427 }] {[66, 155, 242, 102, 0, 0, 0, 0, 79, 211, 2, 0, 0, 0, 0, 0, 0, 0, 0, 0, 0, 0, 0, 0]}
[SystemTime { tv_sec: 1727175490, tv_nsec: 846066560 }] {[66, 155, 242, 102, 0, 0, 0, 0, 170, 232, 12, 0, 0, 0, 0, 0, 1, 0, 29, 0, 1, 0, 0, 0]}
[SystemTime { tv_sec: 1727175490, tv_nsec: 862247189 }] {[66, 155, 242, 102, 0, 0, 0, 0, 170, 232, 12, 0, 0, 0, 0, 0, 0, 0, 0, 0, 0, 0, 0, 0]}
[SystemTime { tv_sec: 1727175490, tv_nsec: 953874607 }] {[66, 155, 242, 102, 0, 0, 0, 0, 210, 141, 14, 0, 0, 0, 0, 0, 1, 0, 46, 0, 1, 0, 0, 0]}
